# oST version 5.0 parameters


[image]

width
640

height
480

[narrow_stereo/left]

camera matrix
707.429052 0.000000 301.838598
0.000000 706.519447 243.366678
0.000000 0.000000 1.000000

distortion
-0.389365 0.128929 -0.000125 0.002148 0.0000

rectification
0.999684 -0.003202 -0.024936
0.003079 0.999983 -0.004965
0.024952 0.004886 0.999677

projection
709.558863 0.000000 330.424034 0.000000
0.000000 709.558863 234.775425 0.000000
0.000000 0.000000 1.000000 0.000000

# oST version 5.0 parameters


[image]

width
640

height
480

[narrow_stereo/right]

camera matrix
703.710587 0.000000 327.001506
0.000000 703.946707 228.777118
0.000000 0.000000 1.000000

distortion
-0.398630 0.208273 -0.003286 0.002350 0.0000

rectification
0.999884 -0.002572 -0.015010
0.002646 0.999984 0.004906
0.014997 -0.004945 0.999875

projection
709.558863 0.000000 330.424034 -42.965219
0.000000 709.558863 234.775425 0.000000
0.000000 0.000000 1.000000 0.000000

