# oST version 5.0 parameters


[image]

width
640

height
480

[narrow_stereo/left]

camera matrix
921.855614 0.000000 317.944012
0.000000 892.387042 125.896323
0.000000 0.000000 1.000000

distortion
-0.530658 0.039760 0.068650 0.004093 0.0000

rectification
0.974716 0.089430 0.204772
-0.082650 0.995717 -0.041441
-0.207601 0.023469 0.977932

projection
1078.827680 0.000000 126.590690 0.000000
0.000000 1078.827680 170.976259 0.000000
0.000000 0.000000 1.000000 0.000000

# oST version 5.0 parameters


[image]

width
640

height
480

[narrow_stereo/right]

camera matrix
926.904978 0.000000 325.361113
0.000000 929.706564 185.972303
0.000000 0.000000 1.000000

distortion
-0.595779 0.506600 0.009253 0.005770 0.0000

rectification
0.976489 0.076136 0.201675
-0.082721 0.996274 0.024416
-0.199064 -0.040524 0.979148

projection
1078.827680 0.000000 126.590690 -63.870396
0.000000 1078.827680 170.976259 0.000000
0.000000 0.000000 1.000000 0.000000

