---
image_width: 320
image_height: 240
camera_name: right_camera
camera_matrix:
  rows: 3
  cols: 3
  data: [403.451, 0, 161.363, 0, 406.292, 109.814, 0, 0, 1]
distortion_model: plumb_bob
distortion_coefficients:
  rows: 1
  cols: 5
  data: [-0.453278, 0.398992, -0.00507551, 0.00197512, 0]
rectification_matrix:
  rows: 3
  cols: 3
  data: [0.998504, -0.00771848, -0.0541403, 0.00701661, 0.999889, -0.013142, 0.0542357, 0.0127424, 0.998447]
projection_matrix:
  rows: 3
  cols: 4
  data: [394.099, 0, 183.367, -23.9028, 0, 394.099, 114.889, 0, 0, 0, 1, 0]