---
image_width: 640
image_height: 480
camera_name: left_camera
camera_matrix:
  rows: 3
  cols: 3
  data: [729.623, 0, 306.619, 0, 726.872, 191.487, 0, 0, 1]
distortion_model: plumb_bob
distortion_coefficients:
  rows: 1
  cols: 5
  data: [-0.36251, 0.104393, 0.0133313, 0.00123567, 0]
rectification_matrix:
  rows: 3
  cols: 3
  data: [0.999748, -0.00718801, -0.0212771, 0.00691119, 0.999891, -0.0130553, 0.0213686, 0.012905, 0.999688]
projection_matrix:
  rows: 3
  cols: 4
  data: [722.925, 0, 330.868, 0, 0, 722.925, 199.956, 0, 0, 0, 1, 0]