# oST version 5.0 parameters


[image]

width
200

height
150

[narrow_stereo/left]

camera matrix
127.645982 0.000000 105.152139
0.000000 128.097103 58.221193
0.000000 0.000000 1.000000

distortion
-0.349055 0.110196 -0.000303 0.000819 0.0000

rectification
0.998089 -0.006666 -0.061429
0.005979 0.999918 -0.011363
0.061500 0.010974 0.998047

projection
125.468131 0.000000 114.458179 0.000000
0.000000 125.468131 63.592918 0.000000
0.000000 0.000000 1.000000 0.000000

# oST version 5.0 parameters


[image]

width
200

height
150

[narrow_stereo/right]

camera matrix
130.515817 0.000000 101.483427
0.000000 131.134812 65.646394
0.000000 0.000000 1.000000

distortion
-0.343857 0.106648 -0.000460 0.000391 0.0000

rectification
0.997966 -0.011037 -0.062778
0.011738 0.999873 0.010811
0.062651 -0.011526 0.997969

projection
125.468131 0.000000 114.458179 -4.187478
0.000000 125.468131 63.592918 0.000000
0.000000 0.000000 1.000000 0.000000

