# oST version 5.0 parameters


[image]

width
640

height
480

[narrow_stereo/left]

camera matrix
407.686616 0.000000 328.860352
0.000000 408.642646 201.913600
0.000000 0.000000 1.000000

distortion
-0.353805 0.119571 -0.000400 0.000963 0.0000

rectification
0.999384 0.002010 -0.035047
-0.002381 0.999942 -0.010539
0.035024 0.010616 0.999330

projection
383.050208 0.000000 342.401768 0.000000
0.000000 383.050208 214.533148 0.000000
0.000000 0.000000 1.000000 0.000000

# oST version 5.0 parameters


[image]

width
640

height
480

[narrow_stereo/right]

camera matrix
414.663518 0.000000 304.333210
0.000000 414.712880 218.581282
0.000000 0.000000 1.000000

distortion
-0.335196 0.092972 0.000374 0.001637 0.0000

rectification
0.998872 -0.004615 -0.047263
0.005115 0.999932 0.010461
0.047211 -0.010691 0.998828

projection
383.050208 0.000000 342.401768 -12.578143
0.000000 383.050208 214.533148 0.000000
0.000000 0.000000 1.000000 0.000000

